%YAML:1.0
---
Homography: !!opencv-matrix
   rows: 3
   cols: 3
   dt: d
   data: [ 2.5255408271566298e+00, 1.5627108177780693e+00,
       -3.4592105416350960e+03, 3.2841302590311430e+00,
       -9.9634776391787323e+00, 7.5262638443300148e+02,
       1.1873296716479111e-03, -1.7859772603553477e-02, 1. ]
