%YAML:1.0
---
Homography: !!opencv-matrix
   rows: 3
   cols: 3
   dt: d
   data: [ 5.9915060637170314e-01, 6.5139489711194476e-01,
       -1.0184465793864506e+03, 8.3401821684871058e-01,
       -2.7756741538379619e+00, 4.0242832781191464e+02,
       7.6581277535201571e-05, -5.1782979048693037e-03, 1. ]
