%YAML:1.0
cameraMatrix: !!opencv-matrix
   rows: 3
   cols: 3
   dt: d
   data: [ 1039.28420644888, 0., 650.031229654822, 0.,
       1040.43583935739, 91.4289178881700, 0., 0., 1. ]
distCoeffs: !!opencv-matrix
   rows: 1
   cols: 5
   dt: d
   data: [ -0.101239733562301, 0.120279695097789,
       -0.00232373422874182, 0.000566710572395489,
       -0.0413959234793106 ]
average_reprojection_err: 5.1860811710357668e-001
