%YAML:1.0
cameraMatrix: !!opencv-matrix
   rows: 3
   cols: 3
   dt: d
   data: [ 1.0429903059265573e+003, 0., 6.7015942042688880e+002, 0.,
       1.0430045819615750e+003, 6.6073482328914082e+001, 0., 0., 1. ]
distCoeffs: !!opencv-matrix
   rows: 1
   cols: 5
   dt: d
   data: [ -9.4296144116818539e-002, 9.3151738521788513e-002,
       -1.7994820026219758e-003, -1.7400089523901614e-003,
       -7.6826321556826777e-003 ]
average_reprojection_err: 4.9128131912304807e-001
