%YAML:1.0
cameraMatrix: !!opencv-matrix
   rows: 3
   cols: 3
   dt: d
   data: [ 1.0442461677304202e+003, 0., 6.2335358117180715e+002, 0.,
       1.0442465557284168e+003, 1.1089855597048259e+002, 0., 0., 1. ]
distCoeffs: !!opencv-matrix
   rows: 1
   cols: 5
   dt: d
   data: [ -1.0085718488402109e-001, 1.0963742883163741e-001,
       -3.4455236650403156e-003, 6.5779086317056042e-004,
       -2.7736841499705740e-002 ]
average_reprojection_err: 5.0971305569012959e-001
