%YAML:1.0
cameraMatrix: !!opencv-matrix
   rows: 3
   cols: 3
   dt: d
   data: [ 1039.41635326710, 0., 643.104393458956, 0.,
       1040.36672424683, 85.8356342680557, 0., 0., 1. ]
distCoeffs: !!opencv-matrix
   rows: 1
   cols: 5
   dt: d
   data: [ -0.0979095767581536, 0.102672780553020,
       -0.00129119295476192, 0.000575939353198686,
       -0.0176661394766689 ]
average_reprojection_err: 5.4189452372099223e-001
